{
	"format_version": "1.12.0",
	"minecraft:geometry": [
		{
			"description": {
				"identifier": "geometry.glow_new_orb",
				"texture_width": 128,
				"texture_height": 128,
				"visible_bounds_width": 3,
				"visible_bounds_height": 2.5,
				"visible_bounds_offset": [0, 0.75, 0]
			},
			"bones": [
				{
					"name": "base",
					"pivot": [0, 0, 0],
					"cubes": [
						{
							"origin": [-1, 7.75, -1],
							"size": [2, 2, 2],
							"uv": {
								"north": {"uv": [2, 12], "uv_size": [2, 2]},
								"east": {"uv": [0, 12], "uv_size": [2, 2]},
								"south": {"uv": [6, 12], "uv_size": [2, 2]},
								"west": {"uv": [4, 12], "uv_size": [2, 2]},
								"up": {"uv": [2, 10], "uv_size": [2, 2]},
								"down": {"uv": [4, 12], "uv_size": [2, -2]}
							}
						}
					]
				},
				{
					"name": "outer",
					"pivot": [0, 0, 0],
					"cubes": [
						{
							"origin": [-2.5, 6.25, -2.5],
							"size": [5, 5, 5],
							"uv": {
								"north": {"uv": [5, 5], "uv_size": [5, 5]},
								"east": {"uv": [0, 5], "uv_size": [5, 5]},
								"south": {"uv": [15, 5], "uv_size": [5, 5]},
								"west": {"uv": [10, 5], "uv_size": [5, 5]},
								"up": {"uv": [5, 0], "uv_size": [5, 5]},
								"down": {"uv": [10, 5], "uv_size": [5, -5]}
							}
						}
					]
				},
				{
					"name": "bone",
					"pivot": [0, 8.5, 0],
					"cubes": [
						{
							"origin": [-9, 8.5, -1.5],
							"size": [8.5, 0, 3],
							"pivot": [0, 8.5, 0],
							"rotation": [0, -90, 0],
							"uv": {
								"north": {"uv": [0, 37.75], "uv_size": [0, 5]},
								"east": {"uv": [41.75, 51], "uv_size": [0.75, 16.25]},
								"south": {"uv": [0, 37.75], "uv_size": [0, 5]},
								"west": {"uv": [42.5, 51], "uv_size": [-0.75, 16.25]},
								"up": {"uv": [33, 73.5], "uv_size": [-31, -19]},
								"down": {"uv": [33, 54.5], "uv_size": [-31, 19]}
							}
						},
						{
							"origin": [-9, 8.5, -2.5],
							"size": [8.5, 0, 5],
							"uv": {
								"north": {"uv": [0, 37.75], "uv_size": [0, 5]},
								"east": {"uv": [41.75, 51], "uv_size": [0.75, 16.25]},
								"south": {"uv": [0, 37.75], "uv_size": [0, 5]},
								"west": {"uv": [42.5, 51], "uv_size": [-0.75, 16.25]},
								"up": {"uv": [33, 73.5], "uv_size": [-31, -19]},
								"down": {"uv": [33, 54.5], "uv_size": [-31, 19]}
							}
						},
						{
							"origin": [0.5, 8.5, -2.5],
							"size": [8.5, 0, 5],
							"pivot": [0, 8.5, 0],
							"rotation": [0, -90, 0],
							"uv": {
								"north": {"uv": [0, 37.75], "uv_size": [0, 5]},
								"east": {"uv": [41.75, 51], "uv_size": [0.75, 16.25]},
								"south": {"uv": [0, 37.75], "uv_size": [0, 5]},
								"west": {"uv": [42.5, 51], "uv_size": [-0.75, 16.25]},
								"up": {"uv": [2, 73.5], "uv_size": [31, -19]},
								"down": {"uv": [2, 54.5], "uv_size": [31, 19]}
							}
						},
						{
							"origin": [0.5, 8.5, -2],
							"size": [7, 0, 4],
							"uv": {
								"north": {"uv": [0, 37.75], "uv_size": [0, 5]},
								"east": {"uv": [41.75, 51], "uv_size": [0.75, 16.25]},
								"south": {"uv": [0, 37.75], "uv_size": [0, 5]},
								"west": {"uv": [42.5, 51], "uv_size": [-0.75, 16.25]},
								"up": {"uv": [2, 73.5], "uv_size": [31, -19]},
								"down": {"uv": [2, 54.5], "uv_size": [31, 19]}
							}
						}
					]
				},
				{
					"name": "bone2",
					"pivot": [0, 8.5, 0],
					"rotation": [-35.26439, 30, -54.73561],
					"cubes": [
						{
							"origin": [-9, 8.5, -2],
							"size": [8.5, 0, 4],
							"uv": {
								"north": {"uv": [0, 37.75], "uv_size": [0, 5]},
								"east": {"uv": [41.75, 51], "uv_size": [0.75, 16.25]},
								"south": {"uv": [0, 37.75], "uv_size": [0, 5]},
								"west": {"uv": [42.5, 51], "uv_size": [-0.75, 16.25]},
								"up": {"uv": [33, 73.5], "uv_size": [-31, -19]},
								"down": {"uv": [33, 54.5], "uv_size": [-31, 19]}
							}
						},
						{
							"origin": [0.5, 8.5, -2.5],
							"size": [9, 0, 4.5],
							"pivot": [0, 8.5, 0],
							"rotation": [0, -90, 0],
							"uv": {
								"north": {"uv": [0, 37.75], "uv_size": [0, 5]},
								"east": {"uv": [41.75, 51], "uv_size": [0.75, 16.25]},
								"south": {"uv": [0, 37.75], "uv_size": [0, 5]},
								"west": {"uv": [42.5, 51], "uv_size": [-0.75, 16.25]},
								"up": {"uv": [2, 73.5], "uv_size": [31, -19]},
								"down": {"uv": [2, 54.5], "uv_size": [31, 19]}
							}
						},
						{
							"origin": [0.5, 8.5, -2.5],
							"size": [8.5, 0, 5],
							"uv": {
								"north": {"uv": [0, 37.75], "uv_size": [0, 5]},
								"east": {"uv": [41.75, 51], "uv_size": [0.75, 16.25]},
								"south": {"uv": [0, 37.75], "uv_size": [0, 5]},
								"west": {"uv": [42.5, 51], "uv_size": [-0.75, 16.25]},
								"up": {"uv": [2, 73.5], "uv_size": [31, -19]},
								"down": {"uv": [2, 54.5], "uv_size": [31, 19]}
							}
						}
					]
				},
				{
					"name": "bone3",
					"pivot": [0, 8.5, 0],
					"rotation": [35.26439, 30, 54.73561],
					"cubes": [
						{
							"origin": [0.5, 8.5, -2],
							"size": [6.5, 0, 4],
							"uv": {
								"north": {"uv": [0, 37.75], "uv_size": [0, 5]},
								"east": {"uv": [42.5, 51], "uv_size": [-0.75, 16.25]},
								"south": {"uv": [0, 37.75], "uv_size": [0, 5]},
								"west": {"uv": [41.75, 51], "uv_size": [0.75, 16.25]},
								"up": {"uv": [2, 54.5], "uv_size": [31, 19]},
								"down": {"uv": [2, 73.5], "uv_size": [31, -19]}
							}
						},
						{
							"origin": [-9, 8.5, -2.5],
							"size": [8.5, 0, 5],
							"pivot": [0, 8.5, 0],
							"rotation": [0, -90, 0],
							"uv": {
								"north": {"uv": [0, 37.75], "uv_size": [0, 5]},
								"east": {"uv": [42.5, 51], "uv_size": [-0.75, 16.25]},
								"south": {"uv": [0, 37.75], "uv_size": [0, 5]},
								"west": {"uv": [41.75, 51], "uv_size": [0.75, 16.25]},
								"up": {"uv": [33, 54.5], "uv_size": [-31, 19]},
								"down": {"uv": [33, 73.5], "uv_size": [-31, -19]}
							}
						},
						{
							"origin": [-9, 8.5, -2],
							"size": [8.5, 0, 4],
							"uv": {
								"north": {"uv": [0, 37.75], "uv_size": [0, 5]},
								"east": {"uv": [42.5, 51], "uv_size": [-0.75, 16.25]},
								"south": {"uv": [0, 37.75], "uv_size": [0, 5]},
								"west": {"uv": [41.75, 51], "uv_size": [0.75, 16.25]},
								"up": {"uv": [33, 54.5], "uv_size": [-31, 19]},
								"down": {"uv": [33, 73.5], "uv_size": [-31, -19]}
							}
						}
					]
				}
			]
		}
	]
}